0 4 24
0 5 남성
0 6 INTP
1 4 24
1 5 남성
1 6 INTP
100001 0 b'\x00'
100001 1 b'\x00'
100001 0 0
100001 3 0
100001 0 b'\x00'
100001 1 b'\x00'
100001 0 0
100001 3 0
100002 0 b'\x00'
100002 1 b'\x00'
100002 0 0
100002 3 0
100003 0 b'\x00'
100003 1 b'\x00'
100003 0 0
100003 3 0
100004 0 b'\x00'
100004 1 b'\x00'
100004 0 0
100004 3 0
100005 0 b'\x00'
100005 1 b'\x00'
100005 0 0
100005 3 0
100006 0 b'\x00'
100006 1 b'\x00'
100006 0 0
100006 3 0
100007 0 b'\x00'
100007 1 b'\x00'
100007 0 0
100007 3 0
100008 0 b'\x00'
100008 1 b'\x00'
100008 0 0
100008 3 1
100009 0 b'\x00'
100009 1 b'\x00'
100009 0 0
100009 3 1
